             [38;2;226;176;74m▄▀▄[0m[0m
           [38;2;226;176;74m▄▀[0m [38;2;84;160;240m▄[0m [38;2;226;176;74m▀▄[0m[0m
         [38;2;226;176;74m▄▀[0m [38;2;93;169;242m▄[38;2;88;165;241;48;2;88;165;241m▀[0;38;2;84;160;240m▀[38;2;79;156;238;48;2;79;156;238m▀[0;38;2;74;152;237m▄[0m [38;2;226;176;74m▀▄[0m[0m
       [38;2;226;176;74m▄▀[0m [38;2;102;178;245m▄[38;2;97;174;243;48;2;97;174;243m▀[0;38;2;93;169;242m▀[0m   [38;2;74;152;237m▀[38;2;70;147;236;48;2;70;147;236m▀[0;38;2;65;143;234m▄[0m [38;2;226;176;74m▀▄[0m[0m
     [38;2;226;176;74m▄▀[0m [38;2;111;187;247m▄[38;2;106;183;246;48;2;106;183;246m▀[0;38;2;102;178;245m▀[0m       [38;2;65;143;234m▀[38;2;61;138;233;48;2;61;138;233m▀[0;38;2;56;134;232m▄[0m [38;2;226;176;74m▀▄[0m[0m
   [38;2;226;176;74m▄▀[0m [38;2;120;196;250m▄[38;2;115;192;249;48;2;115;192;249m▀[0;38;2;111;187;247m▀[0m           [38;2;56;134;232m▀[38;2;52;129;230;48;2;52;129;230m▀[0;38;2;47;125;229m▄[0m [38;2;226;176;74m▀▄[0m[0m
 [38;2;226;176;74m▄▀[0m [38;2;129;205;252m▄[38;2;124;201;251;48;2;124;201;251m▀[0;38;2;120;196;250m▀[0m               [38;2;47;125;229m▀[38;2;43;120;228;48;2;43;120;228m▀[0;38;2;38;116;227m▄[0m [38;2;226;176;74m▀▄[0m[0m
[38;2;226;176;74m▀[0m [38;2;138;214;255m▄[38;2;133;210;254;48;2;133;210;254m▀[0;38;2;129;205;252m▀[0m                   [38;2;38;116;227m▀[38;2;34;111;225;48;2;34;111;225m▀[0;38;2;29;107;224m▄[0m [38;2;226;176;74m▀[0m
  [38;2;138;214;255;48;2;14;42;71m▀[38;2;238;246;255;48;2;238;246;255m▀▀▀▀[38;2;11;26;48;48;2;11;26;48m▀▀▀[38;2;226;176;74;48;2;226;176;74m▀▀▀[38;2;11;26;48;48;2;11;26;48m▀▀▀[38;2;238;246;255;48;2;238;246;255m▀▀▀[38;2;11;26;48;48;2;11;26;48m▀▀▀[38;2;238;246;255;48;2;238;246;255m▀▀▀▀[38;2;29;107;224;48;2;14;42;71m▀[0m[0m
  [38;2;14;42;71;48;2;14;42;71m▀[38;2;238;246;255;48;2;238;246;255m▀▀▀▀[38;2;11;26;48;48;2;11;26;48m▀▀▀[38;2;226;176;74;48;2;226;176;74m▀▀▀[38;2;11;26;48;48;2;11;26;48m▀▀▀[38;2;238;246;255;48;2;238;246;255m▀▀▀[38;2;11;26;48;48;2;11;26;48m▀▀▀[38;2;238;246;255;48;2;238;246;255m▀▀▀▀[38;2;14;42;71;48;2;14;42;71m▀[0m[0m
  [38;2;14;42;71;48;2;14;42;71m▀[38;2;238;246;255;48;2;238;246;255m▀▀▀▀[38;2;11;26;48;48;2;11;26;48m▀▀▀[38;2;226;176;74;48;2;226;176;74m▀▀▀[38;2;11;26;48;48;2;11;26;48m▀▀▀[38;2;238;246;255;48;2;238;246;255m▀▀▀[38;2;11;26;48;48;2;11;26;48m▀▀▀[38;2;238;246;255;48;2;238;246;255m▀▀▀▀[38;2;14;42;71;48;2;14;42;71m▀[0m[0m
  [38;2;14;42;71;48;2;14;42;71m▀[38;2;238;246;255;48;2;238;246;255m▀▀▀▀[38;2;11;26;48m▀[48;2;14;42;71m▀[48;2;226;176;74m▀[38;2;226;176;74m▀▀▀[38;2;11;26;48m▀[48;2;14;42;71m▀[48;2;238;246;255m▀[38;2;238;246;255m▀▀▀[38;2;11;26;48m▀[48;2;14;42;71m▀[48;2;238;246;255m▀[38;2;238;246;255m▀▀▀▀[38;2;14;42;71;48;2;14;42;71m▀[0m[0m
  [38;2;14;42;71;48;2;14;42;71m▀[38;2;238;246;255;48;2;238;246;255m▀▀▀▀▀[38;2;14;42;71;48;2;14;42;71m▀[38;2;226;176;74m▀▀▀▀▀[38;2;14;42;71m▀[38;2;238;246;255;48;2;238;246;255m▀▀▀▀▀[38;2;14;42;71;48;2;14;42;71m▀[38;2;238;246;255;48;2;238;246;255m▀▀▀▀▀[38;2;14;42;71;48;2;14;42;71m▀[0m[0m
  [38;2;14;42;71m▀[38;2;238;246;255;48;2;14;42;71m▀▀▀▀▀[0;38;2;14;42;71m▀[0m     [38;2;14;42;71m▀[38;2;238;246;255;48;2;14;42;71m▀▀▀▀▀[0;38;2;14;42;71m▀[38;2;238;246;255;48;2;14;42;71m▀▀▀▀▀[0;38;2;14;42;71m▀[0m[0m
